90 -90 0.5 -180 0.8 10.38 0.01 10.366 0.011
90 -80 0.5 -170 0.8 10.37 0.01 10.356 0.011
90 -70 0.5 -160 0.8 9.85 0.01 9.836 0.011
90 -60 0.5 -150 0.8 8.93 0.01 8.916 0.011
90 -50 0.5 -140 0.8 7.7 0.01 7.686 0.011
90 -40 0.5 -130 0.8 6.07 0.01 6.056 0.011
90 -30 0.5 -120 0.8 4.65 0.01 4.636 0.011
90 -20 0.5 -110 0.8 3.236 0.001 3.222 0.0015
90 -10 0.5 -100 0.8 2.232 0.001 2.218 0.0015
90 0 0.5 -90 0.8 1.649 0.001 1.635 0.0015
90 10 0.5 -80 0.8 1.535 0.001 1.521 0.0015
90 20 0.5 -70 0.8 1.995 0.001 1.981 0.0015
90 30 0.5 -60 0.8 2.913 0.001 2.899 0.0015
90 40 0.5 -50 0.8 4.19 0.01 4.176 0.011
90 50 0.5 -40 0.8 5.59 0.01 5.576 0.011
90 60 0.5 -30 0.8 7.03 0.01 7.016 0.011
90 70 0.5 -20 0.8 8.37 0.01 8.356 0.011
90 80 0.5 -10 0.8 9.89 0.01 9.876 0.011
90 90 0.5 0 0.8 9.93 0.01 9.916 0.011
-90 -80 0.5 10 0.8 10 0.01 9.986 0.011
-90 -70 0.5 20 0.8 9.59 0.01 9.576 0.011
-90 -60 0.5 30 0.8 8.71 0.01 8.696 0.011
-90 -50 0.5 40 0.8 7.53 0.01 7.516 0.011
-90 -40 0.5 50 0.8 5.98 0.01 5.966 0.011
-90 -30 0.5 60 0.8 4.44 0.01 4.426 0.011
-90 -20 0.5 70 0.8 3.164 0.001 3.15 0.0015
-90 -10 0.5 80 0.8 2.146 0.001 2.132 0.0015
-90 0 0.5 90 0.8 1.605 0.001 1.591 0.0015
-90 10 0.5 100 0.8 1.517 0.001 1.503 0.0015
-90 20 0.5 110 0.8 1.916 0.001 1.902 0.0015
-90 30 0.5 120 0.8 2.84 0.001 2.826 0.0015
-90 40 0.5 130 0.8 4.1 0.01 4.086 0.011
-90 50 0.5 140 0.8 5.46 0.01 5.446 0.011
-90 60 0.5 150 0.8 6.96 0.01 6.946 0.011
-90 70 0.5 160 0.8 8.21 0.01 8.196 0.011
-90 80 0.5 170 0.8 9.33 0.01 9.316 0.011
-90 90 0.5 180 0.8 9.99 0.01 9.976 0.011